%include /global/u1/e/elegnani/ShearSplits/cosmosis_runs/cosmosis_config/values.ini

[cosmological_parameters]
omega_m                =  0.303436
A_s                    =  2.092086e-09
h0                     =  0.674461
ombh2                  =  0.022263
n_s                    =  0.967141
w                      =  -1.0
omega_k                =  0.0
tau                    =  0.053478

standard_neutrino_neff =  3.044000
num_massive_neutrinos  =  3.000000
nnu                    =  3.044000
mnu                    =  0.060000
