[cosmological_parameters]
omega_m      =  0.317019
h0           =  0.6647
omega_b      =  0.050604
n_s          =  0.9639
A_s          =  2.098746e-09
omnuh2       =  0.00163
w            =  -1.0
massive_nu   =  1
massless_nu  =  2.0306667
omega_k      =  0.0
tau          =  0.0543
